{
 "cells": [
  {
   "cell_type": "code",
   "execution_count": 4,
   "id": "fe900351",
   "metadata": {},
   "outputs": [],
   "source": [
    "import pandas as pd\n",
    "import yfinance as yf\n",
    "import matplotlib.pyplot as plt\n",
    "import numpy as np\n",
    "from scipy.optimize import minimize\n",
    "import seaborn as sns; sns.set_theme()\n",
    "import avs_risk_kit as ark"
   ]
  },
  {
   "cell_type": "code",
   "execution_count": 7,
   "id": "c30d6bef",
   "metadata": {},
   "outputs": [],
   "source": [
    "RISKY_ASSET = ['F', 'TSLA', 'M', 'MSFT', 'MMM', 'T', 'ATVI', 'GOOGL', 'AMZN', 'AAPL', \n",
    "               'CAT', 'CSCO', 'C', 'DD', 'FDX', 'GM' ]\n",
    "START_DATE = '2017-10-01'\n",
    "END_DATE = '2022-10-01'"
   ]
  },
  {
   "cell_type": "code",
   "execution_count": 8,
   "id": "ad50bd78",
   "metadata": {},
   "outputs": [
    {
     "name": "stdout",
     "output_type": "stream",
     "text": [
      "[*********************100%***********************]  16 of 16 completed\n"
     ]
    }
   ],
   "source": [
    "df = yf.download(RISKY_ASSET,\n",
    "                 start=START_DATE,\n",
    "                 end=END_DATE,\n",
    "                 adjusted=True)"
   ]
  },
  {
   "cell_type": "code",
   "execution_count": 9,
   "id": "ab293869",
   "metadata": {},
   "outputs": [],
   "source": [
    "r = df['Adj Close'].pct_change().dropna()\n",
    "r.name = 'asset_returns'"
   ]
  },
  {
   "cell_type": "code",
   "execution_count": 5,
   "id": "135f50e4",
   "metadata": {},
   "outputs": [
    {
     "data": {
      "text/html": [
       "<div>\n",
       "<style scoped>\n",
       "    .dataframe tbody tr th:only-of-type {\n",
       "        vertical-align: middle;\n",
       "    }\n",
       "\n",
       "    .dataframe tbody tr th {\n",
       "        vertical-align: top;\n",
       "    }\n",
       "\n",
       "    .dataframe thead th {\n",
       "        text-align: right;\n",
       "    }\n",
       "</style>\n",
       "<table border=\"1\" class=\"dataframe\">\n",
       "  <thead>\n",
       "    <tr style=\"text-align: right;\">\n",
       "      <th></th>\n",
       "      <th>AAPL</th>\n",
       "      <th>AMZN</th>\n",
       "      <th>ATVI</th>\n",
       "      <th>C</th>\n",
       "      <th>CAT</th>\n",
       "      <th>CSCO</th>\n",
       "      <th>DD</th>\n",
       "      <th>F</th>\n",
       "      <th>FDX</th>\n",
       "      <th>GM</th>\n",
       "      <th>GOOGL</th>\n",
       "      <th>MMM</th>\n",
       "      <th>MSFT</th>\n",
       "      <th>T</th>\n",
       "      <th>TSLA</th>\n",
       "      <th>TWTR</th>\n",
       "    </tr>\n",
       "    <tr>\n",
       "      <th>Date</th>\n",
       "      <th></th>\n",
       "      <th></th>\n",
       "      <th></th>\n",
       "      <th></th>\n",
       "      <th></th>\n",
       "      <th></th>\n",
       "      <th></th>\n",
       "      <th></th>\n",
       "      <th></th>\n",
       "      <th></th>\n",
       "      <th></th>\n",
       "      <th></th>\n",
       "      <th></th>\n",
       "      <th></th>\n",
       "      <th></th>\n",
       "      <th></th>\n",
       "    </tr>\n",
       "  </thead>\n",
       "  <tbody>\n",
       "    <tr>\n",
       "      <th>2017-10-03</th>\n",
       "      <td>0.004356</td>\n",
       "      <td>-0.002179</td>\n",
       "      <td>0.000947</td>\n",
       "      <td>0.004471</td>\n",
       "      <td>0.006334</td>\n",
       "      <td>0.002963</td>\n",
       "      <td>-0.000852</td>\n",
       "      <td>0.020678</td>\n",
       "      <td>-0.014713</td>\n",
       "      <td>0.030842</td>\n",
       "      <td>0.004765</td>\n",
       "      <td>0.008507</td>\n",
       "      <td>-0.004691</td>\n",
       "      <td>0.009460</td>\n",
       "      <td>0.019354</td>\n",
       "      <td>0.029257</td>\n",
       "    </tr>\n",
       "    <tr>\n",
       "      <th>2017-10-04</th>\n",
       "      <td>-0.006473</td>\n",
       "      <td>0.008724</td>\n",
       "      <td>-0.012924</td>\n",
       "      <td>-0.000944</td>\n",
       "      <td>0.009800</td>\n",
       "      <td>-0.003576</td>\n",
       "      <td>0.001279</td>\n",
       "      <td>-0.003242</td>\n",
       "      <td>-0.007534</td>\n",
       "      <td>0.007595</td>\n",
       "      <td>-0.005452</td>\n",
       "      <td>0.009088</td>\n",
       "      <td>0.005790</td>\n",
       "      <td>0.000507</td>\n",
       "      <td>0.019733</td>\n",
       "      <td>0.009096</td>\n",
       "    </tr>\n",
       "    <tr>\n",
       "      <th>2017-10-05</th>\n",
       "      <td>0.012445</td>\n",
       "      <td>0.015951</td>\n",
       "      <td>0.007345</td>\n",
       "      <td>0.022414</td>\n",
       "      <td>-0.002683</td>\n",
       "      <td>0.004486</td>\n",
       "      <td>0.007381</td>\n",
       "      <td>-0.004065</td>\n",
       "      <td>0.001310</td>\n",
       "      <td>0.001599</td>\n",
       "      <td>0.019043</td>\n",
       "      <td>-0.000693</td>\n",
       "      <td>0.017138</td>\n",
       "      <td>0.000253</td>\n",
       "      <td>0.000901</td>\n",
       "      <td>0.028169</td>\n",
       "    </tr>\n",
       "    <tr>\n",
       "      <th>2017-10-06</th>\n",
       "      <td>-0.000579</td>\n",
       "      <td>0.008900</td>\n",
       "      <td>0.002536</td>\n",
       "      <td>-0.001057</td>\n",
       "      <td>0.004193</td>\n",
       "      <td>0.004763</td>\n",
       "      <td>0.003523</td>\n",
       "      <td>0.004898</td>\n",
       "      <td>-0.003655</td>\n",
       "      <td>0.024629</td>\n",
       "      <td>0.008577</td>\n",
       "      <td>0.000693</td>\n",
       "      <td>0.000395</td>\n",
       "      <td>-0.006979</td>\n",
       "      <td>0.004362</td>\n",
       "      <td>-0.021918</td>\n",
       "    </tr>\n",
       "    <tr>\n",
       "      <th>2017-10-09</th>\n",
       "      <td>0.003477</td>\n",
       "      <td>0.001425</td>\n",
       "      <td>-0.032727</td>\n",
       "      <td>-0.003305</td>\n",
       "      <td>-0.000394</td>\n",
       "      <td>0.000297</td>\n",
       "      <td>0.006459</td>\n",
       "      <td>0.002437</td>\n",
       "      <td>-0.000725</td>\n",
       "      <td>0.008903</td>\n",
       "      <td>-0.001338</td>\n",
       "      <td>0.000739</td>\n",
       "      <td>0.003816</td>\n",
       "      <td>-0.007515</td>\n",
       "      <td>-0.039061</td>\n",
       "      <td>-0.010084</td>\n",
       "    </tr>\n",
       "  </tbody>\n",
       "</table>\n",
       "</div>"
      ],
      "text/plain": [
       "                AAPL      AMZN      ATVI         C       CAT      CSCO  \\\n",
       "Date                                                                     \n",
       "2017-10-03  0.004356 -0.002179  0.000947  0.004471  0.006334  0.002963   \n",
       "2017-10-04 -0.006473  0.008724 -0.012924 -0.000944  0.009800 -0.003576   \n",
       "2017-10-05  0.012445  0.015951  0.007345  0.022414 -0.002683  0.004486   \n",
       "2017-10-06 -0.000579  0.008900  0.002536 -0.001057  0.004193  0.004763   \n",
       "2017-10-09  0.003477  0.001425 -0.032727 -0.003305 -0.000394  0.000297   \n",
       "\n",
       "                  DD         F       FDX        GM     GOOGL       MMM  \\\n",
       "Date                                                                     \n",
       "2017-10-03 -0.000852  0.020678 -0.014713  0.030842  0.004765  0.008507   \n",
       "2017-10-04  0.001279 -0.003242 -0.007534  0.007595 -0.005452  0.009088   \n",
       "2017-10-05  0.007381 -0.004065  0.001310  0.001599  0.019043 -0.000693   \n",
       "2017-10-06  0.003523  0.004898 -0.003655  0.024629  0.008577  0.000693   \n",
       "2017-10-09  0.006459  0.002437 -0.000725  0.008903 -0.001338  0.000739   \n",
       "\n",
       "                MSFT         T      TSLA      TWTR  \n",
       "Date                                                \n",
       "2017-10-03 -0.004691  0.009460  0.019354  0.029257  \n",
       "2017-10-04  0.005790  0.000507  0.019733  0.009096  \n",
       "2017-10-05  0.017138  0.000253  0.000901  0.028169  \n",
       "2017-10-06  0.000395 -0.006979  0.004362 -0.021918  \n",
       "2017-10-09  0.003816 -0.007515 -0.039061 -0.010084  "
      ]
     },
     "execution_count": 5,
     "metadata": {},
     "output_type": "execute_result"
    }
   ],
   "source": [
    "r.head()"
   ]
  },
  {
   "cell_type": "code",
   "execution_count": 6,
   "id": "32d71cbd",
   "metadata": {},
   "outputs": [],
   "source": [
    "er = ark.annualize_rets(r[\"2017\":\"2022\"], 252)\n",
    "cov = r[\"2017\":\"2022\"].cov()*252"
   ]
  },
  {
   "cell_type": "code",
   "execution_count": 7,
   "id": "feabca1c",
   "metadata": {},
   "outputs": [
    {
     "data": {
      "text/plain": [
       "AAPL     0.305694\n",
       "AMZN     0.187296\n",
       "ATVI     0.038752\n",
       "C       -0.080654\n",
       "CAT      0.082822\n",
       "CSCO     0.066341\n",
       "DD      -0.110829\n",
       "F        0.022924\n",
       "FDX     -0.068369\n",
       "GM      -0.033082\n",
       "GOOGL    0.146330\n",
       "MMM     -0.094056\n",
       "MSFT     0.271883\n",
       "T       -0.047683\n",
       "TSLA     0.635319\n",
       "TWTR     0.207691\n",
       "dtype: float64"
      ]
     },
     "execution_count": 7,
     "metadata": {},
     "output_type": "execute_result"
    }
   ],
   "source": [
    "er"
   ]
  },
  {
   "cell_type": "code",
   "execution_count": 8,
   "id": "fc1889d7",
   "metadata": {},
   "outputs": [
    {
     "data": {
      "text/html": [
       "<div>\n",
       "<style scoped>\n",
       "    .dataframe tbody tr th:only-of-type {\n",
       "        vertical-align: middle;\n",
       "    }\n",
       "\n",
       "    .dataframe tbody tr th {\n",
       "        vertical-align: top;\n",
       "    }\n",
       "\n",
       "    .dataframe thead th {\n",
       "        text-align: right;\n",
       "    }\n",
       "</style>\n",
       "<table border=\"1\" class=\"dataframe\">\n",
       "  <thead>\n",
       "    <tr style=\"text-align: right;\">\n",
       "      <th></th>\n",
       "      <th>AAPL</th>\n",
       "      <th>AMZN</th>\n",
       "      <th>ATVI</th>\n",
       "      <th>C</th>\n",
       "      <th>CAT</th>\n",
       "      <th>CSCO</th>\n",
       "      <th>DD</th>\n",
       "      <th>F</th>\n",
       "      <th>FDX</th>\n",
       "      <th>GM</th>\n",
       "      <th>GOOGL</th>\n",
       "      <th>MMM</th>\n",
       "      <th>MSFT</th>\n",
       "      <th>T</th>\n",
       "      <th>TSLA</th>\n",
       "      <th>TWTR</th>\n",
       "    </tr>\n",
       "  </thead>\n",
       "  <tbody>\n",
       "    <tr>\n",
       "      <th>AAPL</th>\n",
       "      <td>0.105624</td>\n",
       "      <td>0.073077</td>\n",
       "      <td>0.048316</td>\n",
       "      <td>0.058152</td>\n",
       "      <td>0.045385</td>\n",
       "      <td>0.055854</td>\n",
       "      <td>0.053024</td>\n",
       "      <td>0.050147</td>\n",
       "      <td>0.055164</td>\n",
       "      <td>0.054204</td>\n",
       "      <td>0.067513</td>\n",
       "      <td>0.039129</td>\n",
       "      <td>0.074162</td>\n",
       "      <td>0.028919</td>\n",
       "      <td>0.096315</td>\n",
       "      <td>0.071755</td>\n",
       "    </tr>\n",
       "    <tr>\n",
       "      <th>AMZN</th>\n",
       "      <td>0.073077</td>\n",
       "      <td>0.120472</td>\n",
       "      <td>0.050919</td>\n",
       "      <td>0.042158</td>\n",
       "      <td>0.038553</td>\n",
       "      <td>0.047091</td>\n",
       "      <td>0.039711</td>\n",
       "      <td>0.039016</td>\n",
       "      <td>0.052170</td>\n",
       "      <td>0.042616</td>\n",
       "      <td>0.070973</td>\n",
       "      <td>0.029016</td>\n",
       "      <td>0.074193</td>\n",
       "      <td>0.018668</td>\n",
       "      <td>0.093573</td>\n",
       "      <td>0.074518</td>\n",
       "    </tr>\n",
       "    <tr>\n",
       "      <th>ATVI</th>\n",
       "      <td>0.048316</td>\n",
       "      <td>0.050919</td>\n",
       "      <td>0.123711</td>\n",
       "      <td>0.025278</td>\n",
       "      <td>0.028072</td>\n",
       "      <td>0.035536</td>\n",
       "      <td>0.023501</td>\n",
       "      <td>0.014017</td>\n",
       "      <td>0.032857</td>\n",
       "      <td>0.019645</td>\n",
       "      <td>0.045709</td>\n",
       "      <td>0.020878</td>\n",
       "      <td>0.050125</td>\n",
       "      <td>0.014695</td>\n",
       "      <td>0.054190</td>\n",
       "      <td>0.052202</td>\n",
       "    </tr>\n",
       "    <tr>\n",
       "      <th>C</th>\n",
       "      <td>0.058152</td>\n",
       "      <td>0.042158</td>\n",
       "      <td>0.025278</td>\n",
       "      <td>0.146541</td>\n",
       "      <td>0.080223</td>\n",
       "      <td>0.059142</td>\n",
       "      <td>0.084847</td>\n",
       "      <td>0.093138</td>\n",
       "      <td>0.078836</td>\n",
       "      <td>0.102145</td>\n",
       "      <td>0.056321</td>\n",
       "      <td>0.057554</td>\n",
       "      <td>0.055498</td>\n",
       "      <td>0.052654</td>\n",
       "      <td>0.072525</td>\n",
       "      <td>0.067320</td>\n",
       "    </tr>\n",
       "    <tr>\n",
       "      <th>CAT</th>\n",
       "      <td>0.045385</td>\n",
       "      <td>0.038553</td>\n",
       "      <td>0.028072</td>\n",
       "      <td>0.080223</td>\n",
       "      <td>0.107849</td>\n",
       "      <td>0.049346</td>\n",
       "      <td>0.075016</td>\n",
       "      <td>0.073314</td>\n",
       "      <td>0.066721</td>\n",
       "      <td>0.075431</td>\n",
       "      <td>0.046500</td>\n",
       "      <td>0.056997</td>\n",
       "      <td>0.043937</td>\n",
       "      <td>0.038676</td>\n",
       "      <td>0.047998</td>\n",
       "      <td>0.043332</td>\n",
       "    </tr>\n",
       "    <tr>\n",
       "      <th>CSCO</th>\n",
       "      <td>0.055854</td>\n",
       "      <td>0.047091</td>\n",
       "      <td>0.035536</td>\n",
       "      <td>0.059142</td>\n",
       "      <td>0.049346</td>\n",
       "      <td>0.083394</td>\n",
       "      <td>0.052816</td>\n",
       "      <td>0.047632</td>\n",
       "      <td>0.052585</td>\n",
       "      <td>0.050991</td>\n",
       "      <td>0.050393</td>\n",
       "      <td>0.043268</td>\n",
       "      <td>0.055979</td>\n",
       "      <td>0.033479</td>\n",
       "      <td>0.052962</td>\n",
       "      <td>0.050330</td>\n",
       "    </tr>\n",
       "    <tr>\n",
       "      <th>DD</th>\n",
       "      <td>0.053024</td>\n",
       "      <td>0.039711</td>\n",
       "      <td>0.023501</td>\n",
       "      <td>0.084847</td>\n",
       "      <td>0.075016</td>\n",
       "      <td>0.052816</td>\n",
       "      <td>0.125963</td>\n",
       "      <td>0.080171</td>\n",
       "      <td>0.065275</td>\n",
       "      <td>0.088722</td>\n",
       "      <td>0.049028</td>\n",
       "      <td>0.055294</td>\n",
       "      <td>0.049112</td>\n",
       "      <td>0.041145</td>\n",
       "      <td>0.060476</td>\n",
       "      <td>0.049283</td>\n",
       "    </tr>\n",
       "    <tr>\n",
       "      <th>F</th>\n",
       "      <td>0.050147</td>\n",
       "      <td>0.039016</td>\n",
       "      <td>0.014017</td>\n",
       "      <td>0.093138</td>\n",
       "      <td>0.073314</td>\n",
       "      <td>0.047632</td>\n",
       "      <td>0.080171</td>\n",
       "      <td>0.169814</td>\n",
       "      <td>0.069056</td>\n",
       "      <td>0.130276</td>\n",
       "      <td>0.048482</td>\n",
       "      <td>0.049842</td>\n",
       "      <td>0.045601</td>\n",
       "      <td>0.044609</td>\n",
       "      <td>0.084129</td>\n",
       "      <td>0.058541</td>\n",
       "    </tr>\n",
       "    <tr>\n",
       "      <th>FDX</th>\n",
       "      <td>0.055164</td>\n",
       "      <td>0.052170</td>\n",
       "      <td>0.032857</td>\n",
       "      <td>0.078836</td>\n",
       "      <td>0.066721</td>\n",
       "      <td>0.052585</td>\n",
       "      <td>0.065275</td>\n",
       "      <td>0.069056</td>\n",
       "      <td>0.139906</td>\n",
       "      <td>0.074653</td>\n",
       "      <td>0.052690</td>\n",
       "      <td>0.053257</td>\n",
       "      <td>0.052050</td>\n",
       "      <td>0.035564</td>\n",
       "      <td>0.068749</td>\n",
       "      <td>0.056689</td>\n",
       "    </tr>\n",
       "    <tr>\n",
       "      <th>GM</th>\n",
       "      <td>0.054204</td>\n",
       "      <td>0.042616</td>\n",
       "      <td>0.019645</td>\n",
       "      <td>0.102145</td>\n",
       "      <td>0.075431</td>\n",
       "      <td>0.050991</td>\n",
       "      <td>0.088722</td>\n",
       "      <td>0.130276</td>\n",
       "      <td>0.074653</td>\n",
       "      <td>0.170287</td>\n",
       "      <td>0.057737</td>\n",
       "      <td>0.051749</td>\n",
       "      <td>0.052271</td>\n",
       "      <td>0.044060</td>\n",
       "      <td>0.090213</td>\n",
       "      <td>0.067520</td>\n",
       "    </tr>\n",
       "    <tr>\n",
       "      <th>GOOGL</th>\n",
       "      <td>0.067513</td>\n",
       "      <td>0.070973</td>\n",
       "      <td>0.045709</td>\n",
       "      <td>0.056321</td>\n",
       "      <td>0.046500</td>\n",
       "      <td>0.050393</td>\n",
       "      <td>0.049028</td>\n",
       "      <td>0.048482</td>\n",
       "      <td>0.052690</td>\n",
       "      <td>0.057737</td>\n",
       "      <td>0.091105</td>\n",
       "      <td>0.035619</td>\n",
       "      <td>0.072013</td>\n",
       "      <td>0.026823</td>\n",
       "      <td>0.079640</td>\n",
       "      <td>0.072606</td>\n",
       "    </tr>\n",
       "    <tr>\n",
       "      <th>MMM</th>\n",
       "      <td>0.039129</td>\n",
       "      <td>0.029016</td>\n",
       "      <td>0.020878</td>\n",
       "      <td>0.057554</td>\n",
       "      <td>0.056997</td>\n",
       "      <td>0.043268</td>\n",
       "      <td>0.055294</td>\n",
       "      <td>0.049842</td>\n",
       "      <td>0.053257</td>\n",
       "      <td>0.051749</td>\n",
       "      <td>0.035619</td>\n",
       "      <td>0.071185</td>\n",
       "      <td>0.036222</td>\n",
       "      <td>0.032173</td>\n",
       "      <td>0.033136</td>\n",
       "      <td>0.034286</td>\n",
       "    </tr>\n",
       "    <tr>\n",
       "      <th>MSFT</th>\n",
       "      <td>0.074162</td>\n",
       "      <td>0.074193</td>\n",
       "      <td>0.050125</td>\n",
       "      <td>0.055498</td>\n",
       "      <td>0.043937</td>\n",
       "      <td>0.055979</td>\n",
       "      <td>0.049112</td>\n",
       "      <td>0.045601</td>\n",
       "      <td>0.052050</td>\n",
       "      <td>0.052271</td>\n",
       "      <td>0.072013</td>\n",
       "      <td>0.036222</td>\n",
       "      <td>0.089855</td>\n",
       "      <td>0.026428</td>\n",
       "      <td>0.088763</td>\n",
       "      <td>0.069928</td>\n",
       "    </tr>\n",
       "    <tr>\n",
       "      <th>T</th>\n",
       "      <td>0.028919</td>\n",
       "      <td>0.018668</td>\n",
       "      <td>0.014695</td>\n",
       "      <td>0.052654</td>\n",
       "      <td>0.038676</td>\n",
       "      <td>0.033479</td>\n",
       "      <td>0.041145</td>\n",
       "      <td>0.044609</td>\n",
       "      <td>0.035564</td>\n",
       "      <td>0.044060</td>\n",
       "      <td>0.026823</td>\n",
       "      <td>0.032173</td>\n",
       "      <td>0.026428</td>\n",
       "      <td>0.064148</td>\n",
       "      <td>0.022552</td>\n",
       "      <td>0.025059</td>\n",
       "    </tr>\n",
       "    <tr>\n",
       "      <th>TSLA</th>\n",
       "      <td>0.096315</td>\n",
       "      <td>0.093573</td>\n",
       "      <td>0.054190</td>\n",
       "      <td>0.072525</td>\n",
       "      <td>0.047998</td>\n",
       "      <td>0.052962</td>\n",
       "      <td>0.060476</td>\n",
       "      <td>0.084129</td>\n",
       "      <td>0.068749</td>\n",
       "      <td>0.090213</td>\n",
       "      <td>0.079640</td>\n",
       "      <td>0.033136</td>\n",
       "      <td>0.088763</td>\n",
       "      <td>0.022552</td>\n",
       "      <td>0.409581</td>\n",
       "      <td>0.100888</td>\n",
       "    </tr>\n",
       "    <tr>\n",
       "      <th>TWTR</th>\n",
       "      <td>0.071755</td>\n",
       "      <td>0.074518</td>\n",
       "      <td>0.052202</td>\n",
       "      <td>0.067320</td>\n",
       "      <td>0.043332</td>\n",
       "      <td>0.050330</td>\n",
       "      <td>0.049283</td>\n",
       "      <td>0.058541</td>\n",
       "      <td>0.056689</td>\n",
       "      <td>0.067520</td>\n",
       "      <td>0.072606</td>\n",
       "      <td>0.034286</td>\n",
       "      <td>0.069928</td>\n",
       "      <td>0.025059</td>\n",
       "      <td>0.100888</td>\n",
       "      <td>0.280042</td>\n",
       "    </tr>\n",
       "  </tbody>\n",
       "</table>\n",
       "</div>"
      ],
      "text/plain": [
       "           AAPL      AMZN      ATVI         C       CAT      CSCO        DD  \\\n",
       "AAPL   0.105624  0.073077  0.048316  0.058152  0.045385  0.055854  0.053024   \n",
       "AMZN   0.073077  0.120472  0.050919  0.042158  0.038553  0.047091  0.039711   \n",
       "ATVI   0.048316  0.050919  0.123711  0.025278  0.028072  0.035536  0.023501   \n",
       "C      0.058152  0.042158  0.025278  0.146541  0.080223  0.059142  0.084847   \n",
       "CAT    0.045385  0.038553  0.028072  0.080223  0.107849  0.049346  0.075016   \n",
       "CSCO   0.055854  0.047091  0.035536  0.059142  0.049346  0.083394  0.052816   \n",
       "DD     0.053024  0.039711  0.023501  0.084847  0.075016  0.052816  0.125963   \n",
       "F      0.050147  0.039016  0.014017  0.093138  0.073314  0.047632  0.080171   \n",
       "FDX    0.055164  0.052170  0.032857  0.078836  0.066721  0.052585  0.065275   \n",
       "GM     0.054204  0.042616  0.019645  0.102145  0.075431  0.050991  0.088722   \n",
       "GOOGL  0.067513  0.070973  0.045709  0.056321  0.046500  0.050393  0.049028   \n",
       "MMM    0.039129  0.029016  0.020878  0.057554  0.056997  0.043268  0.055294   \n",
       "MSFT   0.074162  0.074193  0.050125  0.055498  0.043937  0.055979  0.049112   \n",
       "T      0.028919  0.018668  0.014695  0.052654  0.038676  0.033479  0.041145   \n",
       "TSLA   0.096315  0.093573  0.054190  0.072525  0.047998  0.052962  0.060476   \n",
       "TWTR   0.071755  0.074518  0.052202  0.067320  0.043332  0.050330  0.049283   \n",
       "\n",
       "              F       FDX        GM     GOOGL       MMM      MSFT         T  \\\n",
       "AAPL   0.050147  0.055164  0.054204  0.067513  0.039129  0.074162  0.028919   \n",
       "AMZN   0.039016  0.052170  0.042616  0.070973  0.029016  0.074193  0.018668   \n",
       "ATVI   0.014017  0.032857  0.019645  0.045709  0.020878  0.050125  0.014695   \n",
       "C      0.093138  0.078836  0.102145  0.056321  0.057554  0.055498  0.052654   \n",
       "CAT    0.073314  0.066721  0.075431  0.046500  0.056997  0.043937  0.038676   \n",
       "CSCO   0.047632  0.052585  0.050991  0.050393  0.043268  0.055979  0.033479   \n",
       "DD     0.080171  0.065275  0.088722  0.049028  0.055294  0.049112  0.041145   \n",
       "F      0.169814  0.069056  0.130276  0.048482  0.049842  0.045601  0.044609   \n",
       "FDX    0.069056  0.139906  0.074653  0.052690  0.053257  0.052050  0.035564   \n",
       "GM     0.130276  0.074653  0.170287  0.057737  0.051749  0.052271  0.044060   \n",
       "GOOGL  0.048482  0.052690  0.057737  0.091105  0.035619  0.072013  0.026823   \n",
       "MMM    0.049842  0.053257  0.051749  0.035619  0.071185  0.036222  0.032173   \n",
       "MSFT   0.045601  0.052050  0.052271  0.072013  0.036222  0.089855  0.026428   \n",
       "T      0.044609  0.035564  0.044060  0.026823  0.032173  0.026428  0.064148   \n",
       "TSLA   0.084129  0.068749  0.090213  0.079640  0.033136  0.088763  0.022552   \n",
       "TWTR   0.058541  0.056689  0.067520  0.072606  0.034286  0.069928  0.025059   \n",
       "\n",
       "           TSLA      TWTR  \n",
       "AAPL   0.096315  0.071755  \n",
       "AMZN   0.093573  0.074518  \n",
       "ATVI   0.054190  0.052202  \n",
       "C      0.072525  0.067320  \n",
       "CAT    0.047998  0.043332  \n",
       "CSCO   0.052962  0.050330  \n",
       "DD     0.060476  0.049283  \n",
       "F      0.084129  0.058541  \n",
       "FDX    0.068749  0.056689  \n",
       "GM     0.090213  0.067520  \n",
       "GOOGL  0.079640  0.072606  \n",
       "MMM    0.033136  0.034286  \n",
       "MSFT   0.088763  0.069928  \n",
       "T      0.022552  0.025059  \n",
       "TSLA   0.409581  0.100888  \n",
       "TWTR   0.100888  0.280042  "
      ]
     },
     "execution_count": 8,
     "metadata": {},
     "output_type": "execute_result"
    }
   ],
   "source": [
    "cov"
   ]
  },
  {
   "cell_type": "code",
   "execution_count": 9,
   "id": "837f6cbf",
   "metadata": {},
   "outputs": [],
   "source": [
    "corr = r[\"2017\":\"2022\"].corr()"
   ]
  },
  {
   "cell_type": "code",
   "execution_count": 10,
   "id": "779b70a1",
   "metadata": {},
   "outputs": [
    {
     "data": {
